1750
1800
2034
2135
2488
2491
2969
3116
3327
3453
3673
4127
4281
4447
4904
4962
4977
5133
5272
5513
5768
5981
6201
6281
6284
6769
6845
6885
6951
6955
7084
7332
7536
7789
8411
8670
8818
8858
8868
8947
9092
9326
9342
9389
9626
9892
9984
10456
10795
11199
11544
12208
12355
12659
12927
12978
13610
14195
14272
14693
14707
14930
15615
16040
16058
16160
16732
16918
17843
18061
18172
18230
18255
18349
18396
18498
18808
18926
18937
19411
19446
19520
19584
19612
19617
20171
20212
20286
20520
20740
21076
21344
21510
21535
21665
22356
22444
23082
23194
23197
23217
23666
23675
24491
24545
24741
25232
25445
26058
26076
26172
26324
26780
27419
27904
27996
28412
28823
28917
29002
29534
29644
29669
29905
29915
29989
30371
30554
30625
30697
31235
31277
31462
31791
31978
32198
32604
33185
33213
33619
33769
34067
34088
34151
34408
34903
35214
35527
36029
36047
36104
36146
36270
36966
37748
37785
37808
37996
38074
38079
38725
38777
39263
39368
39648
39899
39911
40211
40533
40545
40704
40730
40888
40987
41023
41133
41719
42542
42582
42888
43300
43920
45012
45876
45919
46080
46195
46250
46640
46765
47111
47217
47518
47580
48039
48287
48465
48898
49071
49196
49600
49754
49826
50104
50725
50863
51143
51253
51434
51548
51644
52795
52827
52988
53669
54381
54480
54502
54507
54991
55067
55135
55242
55785
56047
56679
56873
56978
57131
57515
57528
57725
58492
59440
59478
59527
59558
60086
60519
60667
60714
60751
60849
60977
61478
62234
62709
62741
62996
63276
63296
63754
63908
64040
64670
64803
64978
64996
65011
65270
65984
66382
66479
66570
66740
66756
67215
67472
67716
67887
68270
68505
68709
69488
69499
69671
69891
70145
70318
70530
70793
70858
70866
71691
71829
72020
72207
72331
72333
72573
72741
72903
72971
73020
73088
73124
73309
73756
73887
74208
74260
74303
75208
75234
75252
75288
75362
75659
75677
75829
76267
76334
76605
77159
77281
77360
77449
77476
77877
78003
78128
78239
78460
78536
78749
78814
78890
79282
79716
79879
79958
80124
80172
80420
80424
80661
81362
82166
82628
82811
84246
84290
84748
84839
85408
85535
85704
85961
85974
86144
86312
87347
87565
88205
88941
88948
89089
89439
89800
90185
90498
90896
91142
91388
91419
91440
91576
91767
91928
92122
92230
92380
92416
93384
93389
93410
93451
93456
93556
93751
93859
94049
94344
95029
95304
95521
95552
96021
96223
96289
96763
96943
97134
97210
97216
97472
97476
97745
97854
98222
98246
98362
98677
99780
100493
100517
100726
100885
101199
101382
101778
101829
101830
101984
102037
102379
102729
102741
103145
103379
103730
103872
103973
104169
104207
104889
104894
104918
105016
105076
105132
105319
105634
105770
106040
106535
106640
106926
107140
107263
107687
108312
108385
108516
108772
109156
109198
109261
109380
109563
109758
110430
110471
110621
200406
201461
202058
203077
203248
203527
215419
216085
216228
217346
225263
230498
230557
277135
277509
277595
277948
278166
310142
310158
310354
310568
310764
311094
311657
313143
313616
313927
314808
315189
315213
315293
315709
315852
316206
316253
316709
316793
317540
317771
318154
318380
318833
319201
320187
320193
320335
320345
320575
350077
350563
350698
350797
350894
350907
351569
351817
352363
352541
352915
353020
353230
353569
353944
354190
354647
354707
354869
354908
354913
354950
354963
355429
355777
355811
355999
356028
356213
356309
357301
700564
700733
700863
700923
701221
701347
701374
701811
701853
701985
702165
702325
703351
703360
703361
703604
704051
704415
704532
705432
706688
707179
707549
708818
708819
708850
708955
709519
709804
711377
711404
712515
712537
713676
714310
714603
715787
715957
716133
716643
717423
717605
717724
717954
718130
718789
718877
719220
719739
719866
719955
720005
720672
721083
721371
721683
722079
722104
722723
723125
723188
723254
723531
723612
724004
724571
724606
726514
726728
726854
726958
728535
729237
729580
729922
729986
730000
730255
730263
730272
730464
730708
731012
731766
731802
731939
732485
732712
732717
733269
734426
736822
737758
738076
739608
739878
740260
740670
740694
740761
741508
741696
742112
742126
742278
743238
743316
743988
744187
745308
745732
746515
746598
746838
749251
750004
750556
750577
751085
751364
751652
751978
752431
753308
753568
754737
758004
759944
761648
763744
764065
764180
764401
764478
764622
765880
766421
766701
766704
768251
768262
768835
768899
769397
769520
770975
771266
771497
772406
772897
773141
773840
773910
775158
775368
775616
776325
776901
777676
778734
779152
780053
780571
783280
783325
784199
785161
785786
785956
786110
788784
789019
789073
789356
789460
789570
790051
790070
790359
790526
790703
790705
790715
790816
791519
791907
791915
792641
792977
792985
792987
793074
793547
793733
793952
794170
794172
794323
794367
794619
795266
795403
795551
796343
797468
797721
797871
798354
798359
798783
798949
799167
799231
799233
799292
799729
799850
800240
800459
801337
801351
801898
802481
804055
804212
804269
804328
804753
805305
807707
807882
807884
808362
808461
810136
811156
811596
812074
812128
812191
812701
812900
813621
813672
813828
813920
814184
814361
814453
814547
814549
815065
815094
815097
815556
816159
816284
816761
816956
817366
817720
818479
819220
819793
820027
820081
820096
820237
820313
820318
820736
821002
821026
821127
821189
821483
822416
822662
822663
822818
823094
823768
824142
825410
825542
826083
827052
827054
827187
827871
828916
829224
829608
831001
831259
831547
831641
831967
832101
832428
832767
832988
833079
833081
833444
833640
834162
835011
835729
835887
836106
836157
837465
840467
840489
842023
842162
842183
844965
845818
846475
849213
849399
849547
849869
850141
850209
850429
850460
850693
851205
851310
851520
851968
853816
854711
854775
856982
857005
857737
857855
858339
858470
858655
858877
859014
859139
859368
859598
859737
860546
860730
860731
860748
861361
861459
861842
861878
861884
862480
862510
863157
863436
863821
864233
864328
864683
864749
865436
865570
865752
865941
866121
866273
866368
866609
866706
866729
866787
866829
867374
868611
868671
868780
868809
868857
869428
871763
872248
872448
872589
872821
873044
873364
874214
874444
874499
874501
874716
874734
874761
874766
874866
875045
875159
875320
876167
876427
876523
877212
877422
877890
878088
878520
878526
878560
878726
878927
879101
879169
879215
879407
879526
879585
880117
880266
880631
880771
881695
881890
882095
882184
882235
882835
883237
883241
883293
883569
883902
883943
883984
884217
884219
884614
884624
884629
884887
884905
884940
885245
885306
885639
885721
885725
885978
886035
886137
886158
886163
886835
886982
887343
887497
887568
887596
887730
887733
887905
887936
888491
888919
889331
889900
889936
890319
890491
890564
890801
891014
891024
891098
891166
891178
891288
891456
892025
892537
892553
893538
893949
894315
894405
895126
895419
895421
895441
895447
895648
895655
895930
896156
896159
896262
896264
896400
896622
896841
896878
897067
897077
897429
897723
898173
898174
898293
898437
899051
899171
899597
899629
899689
899715
899723
899749
899751
899866
899881
899923
900075
900349
901491
903127
903129
904080
906107
906111
906163
906192
906345
906553
906709
907242
907254
907471
907687
908255
908652
909111
909413
909462
909791
909832
909954
910073
910108
910322
910329
910406
910521
910606
910612
910638
911109
911160
911635
912093
912183
912242
912463
912513
912562
912595
912615
912728
912750
912767
913077
913142
913144
913241
913760
913885
914024
914025
914208
914329
914536
915389
915390
915735
915778
915779
915912
915913
916076
916085
916235
916365
916459
916540
916789
916863
917251
917273
917470
917491
917520
917968
918160
918251
918386
918581
918646
918946
918965
919012
919628
920033
920148
920371
920424
920522
920527
920760
921082
921112
921500
921503
921738
921825
921847
922224
922475
922864
923118
923120
923284
923796
924646
924717
924901
926282
926326
927003
927066
927628
927653
928022
928054
929452
929887
930184
930236
931015
931336
931948
932111
932696
933036
933405
933730
933974
934280
934448
934612
935036
935494
935703
936340
936395
936468
936528
937556
939767
939930
940942
940944
941138
941548
941604
943452
943819
943823
944314
944695
944868
945394
945436
945764
945841
946581
946673
946840
948708
949039
949156
949157
949158
949870
1000180
1000228
1000229
1000623
1000697
1000753
1001039
1001082
1001115
1001250
1001288
1001426
1001902
1002047
1002225
1002531
1002811
1002910
1003078
1003124
1003130
1003344
1003642
1004155
1004434
1004440
1004913
1004980
1005201
1005284
1005409
1005757
1005817
1006637
1006892
1008654
1008848
1009356
1009575
1009626
1009672
1009829
1010552
1010612
1011006
1011174
1011290
1011657
1012100
1012620
1013237
1013462
1013488
1013871
1013880
1013934
1014473
1014507
1015328
1015780
1016125
1017480
1017712
1018003
1018005
1018724
1018840
1018963
1018979
1019361
1019695
1019737
1020416
1020569
1020710
1020859
1021162
1021561
1021635
1021860
1022079
1022225
1022345
1022408
1022469
1022652
1022671
1022705
1023024
1023128
1023131
1023313
1023459
1023731
1024305
1024478
1024732
1025536
1025996
1026650
1027207
1027443
1027838
1028318
1028918
1029506
1029800
1030206
1030469
1030749
1031029
1031203
1031296
1031316
1031623
1032033
1032208
1032220
1033012
1033905
1034054
1034088
1034239
1035002
1035201
1035267
1035443
1035675
1035884
1035983
1036960
1037038
1037461
1037540
1037646
1037676
1037868
1037949
1037976
1038074
1038133
1038205
1038357
1039065
1039101
1039151
1039399
1039684
1039828
1039889
1040130
1040593
1040971
1041061
1041379
1041577
1041803
1041859
1042046
1042064
1042810
1042893
1043277
1043509
1043604
1044590
1044777
1045450
1045609
1045810
1046025
1046131
1046257
1046311
1046568
1047122
1047340
1047699
1047862
1048286
1048695
1048911
1049502
1049521
1049782
1050180
1050377
1050441
1050446
1050550
1050797
1050915
1051251
1051470
1051512
1051741
1052100
1052752
1053112
1053507
1053532
1054374
1054833
1054905
1055355
1055454
1056239
1056285
1056288
1056358
1056696
1056903
1057058
1057060
1057083
1057706
1057758
1057877
1058083
1058090
1058290
1059556
1060009
1060021
1060232
1060391
1060523
1060822
1060990
1061393
1061983
1062047
1062231
1062292
1062449
1062530
1063344
1063761
1064728
1064863
1065087
1065088
1065280
1065332
1065696
1065837
1065865
1066026
1066104
1066107
1066134
1066605
1067294
1067701
1067983
1068717
1068851
1068875
1069157
1069183
1069202
1069878
1069899
1070154
1070412
1070750
1070985
1071739
1071993
1072342
1072343
1073349
1073429
1073431
1075415
1075531
1076195
1076405
1077183
1077428
1077771
1078075
1078207
1078271
1079023
1079028
1079577
1080014
1080034
1080099
1082510
1082554
1082923
1083269
1083318
1084048
1084580
1084765
1084961
1085280
1085869
1086222
1087423
1088033
1088856
1089044
1089063
1089473
1089819
1089976
1090012
1090403
1090425
1090727
1090872
1091171
1091667
1091883
1091907
1092699
1093410
1093557
1094093
1094285
1094392
1094739
1095073
1095565
1095600
1095651
1095996
1096142
1096325
1096376
1096385
1096752
1097149
1098277
1099219
1099800
1100270
1100389
1100682
1100962
1101215
1101239
1102112
1102934
1102993
1103126
1103601
1103982
1104349
1104485
1104657
1105705
1107694
1107843
1108109
1108134
1108426
1108524
1108827
1108924
1109189
1109242
1109357
1110647
1110783
1110803
1111247
1111335
1111559
1111711
1111928
1113169
1113232
1113256
1113481
1113784
1114200
1114483
1115055
1115222
1115836
1116132
1116463
1116942
1117297
1118148
1120193
1120295
1120462
1120914
1121484
1121788
1122304
1122904
1122976
1123270
1123360
1124198
1124804
1124827
1124887
1125057
1125376
1125914
1125920
1126328
1126956
1127703
1128361
1128928
1129623
1130310
1130464
1130866
1131227
1131324
1131554
1132979
1133421
1133470
1134203
1134538
1135152
1135185
1135971
1136869
1136893
1137411
1137774
1137778
1137789
1138118
1138412
1139463
1139812
1140536
1140859
1141103
1141107
1141391
1141982
1142596
1142701
1142750
1143068
1144215
1144354
1144980
1156039
1156375
1156388
1157654
1158114
1158172
1158324
1158449
1158463
1158863
1158895
1159154
1159167
1159297
1160497
1160858
1161976
1162461
1163165
1163302
1163739
1164727
1164863
1165231
1165880
1166003
1166126
1166691
1168054
1168195
1168213
1168478
1169055
1169264
1169445
1169561
1169770
1170010
1170650
1170991
1171759
1171825
1172052
1172139
1172222
1172480
1173489
1174746
1174922
1175454
1175535
1177394
1177609
1177648
1177702
1178970
1179755
1179929
1180145
1182325
1183186
1185348
1192448
1195933
1196501
1201792
1205727
1206264
1207074
1220754
1222840
1222929
1223389
1224608
1226308
1227654
1227930
1230245
1235010
1235468
1237831
1253955
1254419
1255474
1259515
1260221
1261654
1261694
1262039
1264755
1265888
1267130
1267238
1267395
1272830
1273685
1273931
1274057
1274173
1274494
1275014
1275187
1275283
1276520
1277406
1277856
1278021
1278027
1278752
1279363
1280058
1280452
1281761
1282266
1282637
1282977
1283157
1283630
1283699
1285224
1285785
1286043
1286613
1286681
1287032
1287865
1288469
1288776
1288784
1289236
1289308
1289434
1289460
1289490
1289592
1289945
1292055
1292653
1293282
1294016
1294133
1295947
1296435
1297184
1297401
1297989
1297996
1298946
1299033
1299688
1299709
1299939
1300514
1301063
1301611
1302343
1303313
1304421
1305014
1306830
1308161
1308606
1309108
1309402
1310067
1310243
1312073
1315257
1316360
1316656
1318008
1318084
1318220
1318742
1319947
1320414
1320461
1320482
1320695
1320947
1321646
1321732
1323531
1323715
1323974
1324245
1324272
1324404
1324424
1324570
1325177
1325281
1326160
1326380
1326579
1326583
1326732
1326801
1328571
1328581
1331520
1331875
1333274
1333493
1333513
1334036
1334478
1335258
1336917
1336920
1337298
1338749
1339048
1339553
1339947
1340282
1341439
1345016
1347178
1348334
1352801
1354327
1355001
1356576
1356628
1357204
1357326
1357615
1358071
1359841
1360530
1360555
1360683
1360901
1361658
1362222
1362468
1364099
1364250
1364742
1365135
1365216
1366246
1367644
1368007
1368457
1368458
1368622
1369786
1370637
1370946
1373715
1373835
1374310
1374756
1375365
1376339
1376812
1377013
1378946
1379041
1379895
1380509
1381197
1381531
1383312
1383571
1384195
1385157
1385187
1385280
1385292
1386278
1388195
1389050
1390777
1393066
1393311
1393612
1393883
1394954
1395942
1396009
1396033
1396814
1396838
1397410
1397516
1398987
1399315
1399935
1400810
1401521
1401700
1402057
1402829
1403161
1403568
1405073
1405277
1405495
1406587
1407067
1407623
1408198
1408287
1408710
1410172
1410471
1410636
1411574
1412100
1412270
1413329
1413507
1415336
1417398
1418091
1418135
1418819
1419612
1420302
1420800
1421461
1423221
1424454
1424755
1424847
1424929
1426945
1428205
1428336
1428669
1429775
1430592
1430602
1430723
1431897
1433660
1434588
1434620
1434621
1434729
1436040
1437071
1437107
1438236
1440013
1440024
1441236
1441634
1441849
1442145
1443669
1444904
1448893
1451505
1452384
1452575
1453814
1456772
1456906
1457543
1458891
1459200
1463101
1463258
1464423
1465112
1466085
1466258
1467373
1467760
1467858
1468328
1468516
1469367
1470215
1471265
1471458
1472787
1473078
1473597
1474098
1474735
1475841
1475922
1476045
1478242
1482512
1483195
1483510
1484504
1486159
1486800
1487052
1488813
1489393
1490892
1491675
1492165
1492298
1492633
1492691
1493225
1494319
1495320
1495569
1496048
1496631
1497350
1497645
1497770
1498021
1498301
1499686
1499912
1500217
1501570
1501585
1506307
1509273
1509589
1510295
1512762
1513761
1514705
1514991
1517175
1517396
1517650
1518715
1518832
1519061
1519751
1520006
1520697
1520744
1521036
1521332
1521952
1524358
1524471
1524472
1524741
1524931
1525221
1525769
1526113
1526520
1527590
1528129
1528849
1529864
1530721
1530950
1531152
1532063
1534504
1534701
1534992
1535031
1538990
1539638
1539838
1541927
1544229
1545158
1545654
1546417
1546640
1547282
1547903
1548223
1549346
1551152
1551182
1552800
1553023
1555280
1555365
1559149
1559865
1561680
1562039
1562476
1564618
1564708
1567892
1569187
1569650
1571123
1571949
1571996
1572983
1573516
1574532
1574540
1574774
1575360
1575515
1576018
1576940
1578732
1578845
1579241
1579684
1580670
1580905
1581068
1581091
1585364
1585689
1587523
1587732
1590584
1590717
1590877
1590895
1590955
1591188
1591517
1591698
1591877
1593034
1593538
1593936
1594109
1594590
1594686
1595262
1596532
1596783
1596993
1597033
1597672
1598014
1598428
1599489
1599617
1600438
1600508
1601046
1601712
1602367
1604778
1606363
1606366
1606498
1608109
1609253
1609702
1609942
1610092
1610250
1610950
1611547
1611702
1613103
1613665
1613859
1614184
1615817
1616000
1616318
1616533
1617406
1617898
1618563
1618756
1618921
1620280
1620393
1620459
1620533
1620546
1622194
1622536
1623613
1623925
1624899
1625034
1627014
1627223
1629995
1631569
1631596
1632127
1632790
1633917
1633931
1633978
1634117
1635718
1635881
1636023
1636222
1637459
1639300
1639691
1639877
1639947
1641991
1642081
1643858
1644440
1645494
1645590
1645676
1646383
1646587
1649338
1650107
1650132
1650445
1651347
1651561
1652044
1652535
1653477
1656239
1659166
1660690
1666700
1668397
1668428
1669162
1669811
1669812
1670541
1670592
1671013
1673985
1674862
1674910
1675820
1677203
1677576
1677761
1678531
1679273
1680247
1681459
1681622
1681689
1683606
1685040
1685715
1688568
1688852
1688941
1689796
1690666
1691303
1692115
1697463
1699150
1701605
1702780
1703644
1707092
1707925
1710366
1711269
1717307
1719910
1720635
1722684
1723089
1723128
1724670
1724965
1725057
1725526
1726173
1728951
1730168
1732845
1733998
1735707
1736946
1738827
1739445
1739940
1739942
1740332
1742924
1744489
1747009
1748790
1748824
1751788
1752836
1754301
1755672
1757898
1760965
1761312
1766400
1770450
1771515
1781335
1783180
1783400
1790982
1808065
